$ANSIBLE_VAULT;1.1;AES256
61366435656438613165623234666261653235336431333935343033633533326263313261656431
3039306165653939656664663162366565663266613437380a646664363762336331373230653934
65326130663938356561306663333932313837653234323432353335346562333139643738393063
6462653439666430340a343462363366353132653337326166313639313863373036613636313161
33363266323362386532616636303739666161316561303837336339353331646165356362626163
65306138346433613166653838366634343665616536386435306261373166663937366631313632
32623165613235363064386162616434623262616236303233323061306166323834383232333931
62353164323564663437386261626462333766633433616461393066383966636430623166316239
37353466356430313438356333633037373235323839393766316661636261393339623862653834
33373932386163633338383932346662666134366661316461646164613230666662333964393538
62653639333938393837326566656331363166623266353937366434383736613830333730653235
65336639346239653831653130623330666632666465383732303233353066666264653535353361
6634
